010000
010000
01000
01010
0000.1000100011010001
1001.0011010000101101
1001.1010010101000001
0000.0001010110001011
1000.0100111101011111
1001.1111011110001101
0000.0011010000110001
0000.1011110011111101
1000.0100100110110110
0000.1100010010001011
1000.0010110111011000
0010.1011011111100110
1001.0011111110101000
0000.0010000010011110
0000.0111110000000111
1001.0101010011100111
1001.0101110110000010
0000.1001111111110111
1000.0001000010011101
1000.0001010111111010
0000.0110110111101110
1000.1001100011010000
1001.0101010111000100
0001.0010011000001100
0000.1011111011010011
1000.0111100110110101
1000.0000101001000110
0001.1011000010101101
1000.1101111000001110
0010.0010011111111100
1000.1101001001011100
0000.0011000000100000
0001.0110111001101000
1000.0100100101101100
0000.0100111000110001
1000.1011100000110111
0001.0010001011000110
0001.0001010010100111
0000.0110100111011110
1001.0100001110110111
0001.0101010001100011
0000.1100111110101010
1010.1011001110010110
1001.1010010010110010
1000.0011110111110010
1000.0001000110011011
1000.1110001110001100
0000.0100110111110010
1000.1110101110001011
0001.0101101111010001
1001.0011010111100010
0000.0011110100001100
0001.1110010000011111
0000.1001011101110001
1001.0000011011101101
1001.0111011010010011
0000.1111011110111010
1000.1011110110111110
1000.0110001110010111
1001.1110111101111010
1000.1101011001011110
1000.1011111010101110
0000.1100000100000111
0000.1100001010011101
1000.0000001010000110
0000.0011010001010001
1001.1100010010110010
1001.1001111000100011
1000.0011111100011100
0000.0111001101100010
1000.1110110001000110
1001.0000101010000011
1001.1110110011011111
1001.1111010110111101
1000.0011000000011101
1000.0001101010100011
0000.0010010000010100
1000.0100001111001000
0000.1001100000111101
1001.0111100111001001
1000.1010001100111000
1001.1010110110110010
1000.1000011100011110
0000.0010011010001110
0001.0011010000010111
0010.0001100011011110
0000.1101001101111000
1000.0000101001110010
1000.1010001100110110
0000.0101111110011010
0000.1110111010000001
0000.1001101010001110
1000.0110011010101001
0010.0011000100000011
0000.0010000001101001
0000.0000001001100010
0000.1100100011000010
1001.0000111111111110
0001.0001010001001011
0001.0110110101101110
0001.0001110110001000
1001.0101010110111101
1001.0110011001100111
0000.1101001010000111
1000.0100000010001001
0000.1010100000101101
0001.0110010010011111
0000.0011011010011111
1000.1110100111010011
1000.0001011010101011
0000.0100111010111000
1000.0101011011100010
0011.0010111111000011
0001.1000010001001100
0000.1000100100111110
0000.0001001011100100
1000.0001100010100000
0000.0101110010110010
1001.0100111011110010
1001.0100010111001010
0000.0001101110001011
0010.0011101001110100
0001.0011100111111110
1000.0001110101000010
0000.0000000000000001
0001.1001000010000010
1000.1000111000011101
0001.0100110000000001
1000.1011111001010000
0000.1000101000010101
1000.0000111100101011
0000.0110111001010100
0000.0011101111001000
0000.0111101011011000
1001.0101010100011011
1001.0001000000001001
1000.0011110100100100
1001.1010011000110101
0000.0110000100000011
0000.0001011001100000
1000.1111101110010101
1001.0000100100000100
1001.0001011110000010
0000.1000101100110000
0001.0111001011100010
0001.0001001010101100
0000.0011000000100010
1001.0011000010100000
1000.0010101001011110
1000.1001011001110000
0000.0001010000111110
1000.0011001011111111
1000.1110000000010011
0000.0101101000001110
1010.0011001011011010
1000.0000111000000101
1000.1000100001101011
0010.0101101111100001
1000.0101001011111110
1010.0001010001011001
1001.0101001001110000
1000.0000000100101100
0000.0011100011101111
1000.0001111100100010
1000.1010010001001111
0001.0000110011001111
0000.0000010010100111
1000.1110100000111011
1000.1001101000000101
0000.1011100010101111
1000.1110000001110111
0000.1000010110111101
0000.0110101100001101
0001.0011011010011010
0000.0011011011100011
0001.0000101100100011
1000.0110010011110010
1000.1101001000001111
1000.1010001011101011
1000.0101001011011101
1000.1010011101000101
1000.0011001101011011
1001.0110100000001101
1001.1001110101101000
1000.0100101110000010
0000.1011110111001011
1000.0100010011001110
0000.0110011011111010
1000.1011000101010111
0001.1100110111110100
0000.0010011011000101
0000.1110001011010100
1000.1111001101010000
1000.0111001000010010
1000.0011101111100100
0001.1000111000010110
1001.1000001010110110
0000.0000001110110000
0001.0100010001011001
0000.1100000010110111
0000.0111000011010100
1001.1000111110010111
0000.1000111011101000
1001.0101100011001010
1000.0010010110001110
0000.1111110011110100
1001.0101101100110100
0000.1111110010101010
0000.0010000010111000
1000.1001001110011111
0000.0001100101100101
0000.0100111110100100
1001.0011011001111101
1000.1111001111111110
0001.1000001011010010
1000.1010111100100011
1000.1110010101111100
1000.1001000100010011
0000.1001101100101111
1000.1100010100100011
1000.0110001010110101
1000.0000001111101101
1000.1000010101010001
0010.1011000110010011
1001.0111100111001010
1000.1000101110111000
1001.0100011101111100
0000.0001000110011111
0000.1010100011010000
0001.0010110101010110
0000.1111101101110101
0000.0111101001101001
0000.1001101110001010
0001.0111011100011001
0000.0101000011101000
1000.1010010011101000
0000.0101110001110100
0000.0001101100100100
0000.0110001011011001
1000.0111010011000011
0010.0000010011011000
0001.1110010000111011
1000.0001111111101110
0000.0011010001110101
1000.0001111001011100
0000.0100001001111100
1001.1000110000101010
0000.0010110110110010
1000.0110101010000011
0000.0101001000111111
0000.1101100001100111
1000.0011011100001110
1000.1011100000110111
1000.1100010001011011
1000.0011001100111100
1000.0110011110101010
0000.0100111011110111
0001.0100000010010000
1000.0011110111010100
1000.0111110010101011
1000.0101101001101010
0000.1101011100000100
1000.1011110111011011
0010.0010110011100011
0001.0010010001011100
0001.0001011001001011
0000.0100011100000001
1000.1100000110000010
0000.1001110101010000
1001.1000111100010111
0000.0111010011110010
1001.0100010001011100
0000.0011000111111000
1000.1000011110100001
0000.0101101101101011
1001.1010100001010100
1001.1001011000101111
1000.0010010101011010
1000.0101111000000001
1000.0111000010100000
0001.1000000010000010
0000.0100001011000110
0001.1110010000101010
1001.0011011001011110
1000.1111001011100001
0000.0111111100101110
0010.0010110001110011
1000.0011110111011000
1001.0000011100100000
0000.0010010111000111
1001.0100000000111110
0000.1011001001101010
1001.1000000100111001
1000.0010110100011100
0000.1001011001010111
1010.0001011100111000
1000.1000110000000010
0000.0000011011101011
1000.0010101001110101
1000.0100101001101101
1001.0011011100100000
1010.0100010011101001
1000.1101000111010101
0000.1001101000000000
1000.1010110101111101
0000.1110010001010010
1001.0011100110100001
1000.0000000010110111
1000.1100011010111001
0010.0100000101001000
1000.0011001010101010
1001.0111111000100100
0000.1111100011001011
0000.1101000101000111
1000.1010101100001000
0001.0001001011001001
0000.1111011010011001
0001.0001101010000010
0000.0111110001010101
1001.1110010000011101
1000.1010111010111101
0000.1110010100101111
1000.0101101001111010
0001.0000111001110000
1000.1110001110011011
0000.0111010110010101
0000.1111010110001110
1000.0001100111000001
1000.0110100100000100
1000.0000010001011011
1000.1101010000100100
0000.1101001101011100
1001.0001010011010000
0000.0110010011101010
0000.0110111011100101
1001.0101100011000010
0000.0110111110110000
1001.0010101111110110
1000.0000101110010010
0001.0001110111101010
1000.1110101111100110
0001.1001100111110100
1000.0110010011110001
1000.0000000001010111
0000.0001010111100100
0000.0000101110100011
0001.0000000000011001
1001.0010000010101100
1000.0011100101010010
0000.1010011110000111
1001.0000111110111100
1000.1101111000101001
1001.1100010001000111
1000.0110010000001000
1001.1101111010001011
1000.0000010000100011
0000.0011100001011110
1000.1000110000010110
0000.0110000000100101
1000.1111011001010000
0000.0100001100011100
1000.0011010000101001
1000.1011111100110100
1000.0111001010011010
1001.0111100000011100
0000.0001011110000110
1000.1110110100110111
1000.0111011101111001
0000.0000011111010011
1001.0010101010100110
0000.0100111110010000
1000.0111110000111010
1000.0110100010101001
0001.1010000101001101
1001.1010110010101001
1000.1011101110110001
0000.0010010000010000
1000.1110100111101101
0000.1001100001010011
1000.1101110001010111
1001.0101011010000000
1000.1001100000111101
1000.0100100011111110
1000.1101001000100010
1000.0101001110000001
1000.1011001101100010
1000.1110111011110001
1010.1001110101100110
0000.0101010000010000
0001.1000111110010101
1000.0100010101010100
1000.0110010011001100
0000.1100010001100110
1001.0010011010010000
1001.0001111101110110
1000.1111111111001001
0000.0100001001111101
1000.0000011111111100
0000.0010111011111010
1000.1101110101010011
1000.1111000001111111
1000.1000101010010110
1001.0010100100100110
0000.1001001111011110
0000.1111001001011110
0000.1111000100110001
0001.0010001000010101
1001.1000000000101010
0001.0000011011010111
0000.0010101101101110
1000.0111010011101000
1000.1010100101110101
1010.0001010010100100
0010.0111111011000011
1000.0110101001000111
0000.1101001100000000
1000.0111011010111010
1001.0110011101111010
1000.1011110011100001
0001.1000111100011011
0000.0010001001000100
1000.1110111110101000
1001.1101001101110100
1010.0111100101100101
1001.0010111111011001
1000.1011011100001111
1001.0101001110010111
1000.0010101000011011
0000.0000110111010011
1000.0110010111000010
0000.0001001100110001
1000.0110000010110110
0000.0001001110000100
0000.1100101110010100
1001.1010100100011001
0000.0100100011111001
0000.0010011010010001
1000.0010001110001110
1000.1010101001000000
1000.0010111010011000
1000.0111101011010011
1000.1101000100101111
1000.0011001001101001
1010.0110100001111110
1001.1101011111111100
1000.1000101000010010
0000.1011010001110110
0000.1101000101111100
0000.0101111011111011
1000.1011010111011010
1001.0000010011001100
1001.0010110111100110
1001.0111101001101010
0000.0011100000011110
1001.0100100100100111
1000.0110111010001111
0010.1010110011110101
1000.0011011110101111
0000.0011000111011001
1000.1111000101100010
1000.1101111000101011
1001.0100110110010101
1000.0101000010110111
1001.0001101010010000
