1000.001111100101
1000.110001001100
1000.100100001011
0000.011010110100
1001.011011111111
0000.010000111111
1000.010100100001
0000.010010110011
1000.111010000111
0001.100111111000
1000.000110101100
0000.010100001001
1001.001010101111
1000.000001110010
0011.100000100011
1000.000110100111
0000.100111101010
0000.001011000100
1000.000111111000
1000.101110111011
1001.001111110100
1000.000001000011
1001.010010001001
1001.000111111011
1001.000001101011
0000.011100101000
0000.111101100111
1001.000011101010
1000.111010100011
0000.000111011010
0000.110000010110
1000.110111001111
1000.111011101001
1001.001110110101
0000.101111000110
1000.010100101110
1001.100001001111
1000.010110010101
0000.000010000100
1000.010001010001
0000.000011010110
0001.010010101100
0000.010111001010
1010.000111110101
1001.001000101111
0001.110011111101
1000.010010101011
0000.010101111011
1001.000101000111
0000.100000011100
0001.010101000011
1000.110010010110
0000.101000010100
0000.000011001001
1001.001111010111
1000.010100011100
0000.111011100101
0000.110000101001
0000.010110011100
1000.011000101111
1000.000100000011
1001.010010101011
1001.001100000010
1000.011010101000
1000.110011000000
1000.000011000001
1000.011001101111
1000.011100110101
0010.000011001101
0000.000010100101
1000.000101011011
0001.110000000011
0000.000110111011
1000.011110110100
1000.100011000000
0000.001000111101
0000.100101011001
1000.110101100101
1000.010110101110
0001.001101100011
1000.111010100110
1000.101011011001
1001.011001101001
0000.001110111100
0000.001001101101
0000.101111001111
1001.001110001000
1000.101101010110
1000.001001011001
1000.010010011111
1010.101000110011
1000.101110001001
0000.111000110100
1000.000101000100
1001.000000111011
0000.000101010001
1001.010010101000
0000.110101111110
1000.011011000010
1000.100101000111
0000.100101110100
0000.100010010000
0000.010011000000
0000.100111011001
1000.000110100110
0010.101100100000
1000.110110101011
1000.010110001011
0000.110001001000
1000.010101011110
0000.111000100101
0000.011001110011
1000.100001000010
1001.000110001100
1001.000110001110
1000.111001010100
1000.111010011010
1000.001110000110
0000.011010101100
1001.001000010010
1000.101001101101
1000.010111001111
0000.001001001000
1000.110100011111
0000.000110010101
1000.001001110011
0000.110000011110
1000.010111010011
1000.011110111110
0001.001111001000
0000.010100001001
0000.000010101111
1000.011111111010
1001.000000111110
0001.101001000000
0000.010000111110
0001.010110101111
1000.011010000101
0000.000011101110
1000.100110001101
1000.110100000000
1000.001100001111
0000.000010010000
0000.101000011010
1000.011100111001
1000.010011111110
0000.010000110010
1000.001110100000
1000.001000000001
1000.100110001100
0001.010100111001
1001.011001100000
0000.010111001110
0000.100000110011
0000.001000100111
1000.010100000011
1001.000110011111
1001.011101010101
1001.100101100110
0000.110110001001
0001.011001101010
1000.100110001000
0000.111010111100
0001.000111110001
0000.011110011111
1000.001001101111
0000.111000011001
1000.110011110010
1000.101011011000
1000.011010100011
0000.010110100010
0000.001000000001
1000.101100000100
0000.000000010001
1010.000000010010
1000.111010000011
1000.101000110100
1001.011011000110
0001.110101010111
1000.010110010100
1001.011100111100
1000.001101001111
0001.010100010010
0001.100010000011
1001.001011011100
0000.011110000110
1000.010010101001
0000.100011010110
0000.101000110101
0000.100100010010
1000.100010000100
1000.101101001000
1001.000001100101
1000.010010001001
0001.100101010001
1011.000111101010
1001.000100100010
0001.001000111111
0000.110110010011
1000.111000000111
0000.000010100000
0001.001011100001
1000.000001100101
1000.010010111110
1000.100001111000
0010.001100101110
1000.100100001100
1000.100111010110
0000.011010101110
1000.011000011100
0010.000110101011
1000.011110100111
1000.101100010011
1000.100010111110
0000.110010011101
0001.111000101101
0000.101000101001
1000.111001101001
1000.011001010000
0000.010000001110
1000.011011101010
1000.010001100101
1001.000111001100
1000.111111000110
1001.000110000000
1001.001101100101
0001.010010000011
0001.001010111110
0001.000011110010
0000.011111001010
1001.001001010101
1000.011110000001
0001.001111011101
0001.010000011101
0001.000100101000
1000.001100100101
0001.000001101001
0010.010111111110
1001.010101000000
0000.110000100111
0001.000110001100
0000.100000011010
1000.100101010000
0000.001110110011
1000.010000101110
1000.110000001100
1000.001010111010
0001.011011011010
0000.010111110100
1000.110010110100
1000.001111000101
0000.010110110010
0000.011110101000
1000.000100101100
0010.001001111011
0000.000010101111
1000.000011011100
1000.010110110110
1000.011011111100
0010.000110001111
1000.110000000000
0010.011001001000
1000.100100011110
0000.100011000010
1000.001001010111
1001.100110110010
0000.110000010111
0000.110111111110
0000.100001111001
1001.100101001100
0000.000111101111
0000.000001001011
0000.011000010001
0001.100111011011
0000.011101110010
1001.011010111001
1010.001100000000
1001.010111111111
1001.001111100010
1001.101000000001
0000.001111001110
0001.011010010101
0000.010010111010
0000.001100000110
0010.011000100000
0000.001010000110
0001.100110000110
1001.001000011110
1010.000110011111
0001.000100010110
1001.001111011011
0000.110111001000
1000.101011110101
1000.001111110101
1010.001101001100
1000.110001000111
1000.111001001101
0000.000010101010
1001.101100000110
1000.110101101000
0001.000001110111
1000.100101010010
0001.100001101011
1000.101001010101
1001.110010100010
0000.011010110011
0000.111111011111
1010.100001110100
1000.011110010110
0000.001000111111
0000.001011010101
0000.100000000101
1000.001001010010
0001.011000100101
0000.011000101110
1001.011100111110
1000.000000101001
1001.110111100010
1000.111110010111
0000.110001011000
0000.111001010010
0000.101001110011
0001.111101110011
0000.100001010101
1000.101001100000
1000.010100110011
1000.100111000001
0000.111111111111
1001.001111101101
1000.011110000100
1000.111100000010
1000.011011000110
1000.001010101010
1000.001100101001
0001.000010011110
1000.100000011010
1000.101010111110
0000.000101000000
1000.110010111010
1001.010100101001
1000.001001100101
1001.011000010000
0001.011101100010
0000.110001000110
1000.000100001010
1000.100010100001
0000.001011101000
0000.100110111011
1001.011011001011
0000.100001010000
1001.011010010111
0000.010001100111
1000.011111000000
0000.100011101111
1001.011110100110
1000.001011000010
0000.001010010000
1000.100011010100
0001.100000101111
1000.010011110100
1000.010111010011
1001.010001000100
1000.110000010001
0001.100010010001
0000.001001000100
1000.101010010100
1000.000100010101
0000.001111001100
0010.001000011000
0001.001011101001
0001.000111100011
0001.000001110011
1000.001111010110
1000.001010011001
0001.001100111001
1001.101100011110
1000.001101011110
1000.010111011110
1000.100011011100
0000.000110101000
1000.001000001011
1000.111110010101
1000.001011010100
0000.000111001111
1000.100110010100
0000.000110101001
1000.000111100011
1001.010001100000
1000.100011010101
1000.011111111001
0001.110110111101
0000.111111011101
1001.100100100001
1000.000011111110
1010.000101011001
1000.000111111001
0001.010110111000
0000.011101100000
1001.111011011110
1001.110010101000
1000.001010010100
1001.011100110000
0000.010111110110
1000.111100100111
0001.111110110100
0000.010011111000
1001.101000110000
1000.000101100011
0000.010010010100
0010.000011101111
0000.000111010001
1000.100110010011
1001.001111111011
1000.100001100110
1000.010000000011
0001.101110111101
0001.011001011111
0000.111000110111
1000.000110111101
0000.100100101100
0001.110001011001
1001.111000110101
1000.100010011111
0001.000101001000
0001.010010110010
1001.110101010001
0000.010011001001
1000.011101100111
1000.010010101001
1000.010101111111
1000.001001111011
1001.000101100000
0000.110011000111
1000.111111001100
1000.001111011111
0000.110011111010
1000.111010000101
0001.000011011111
0001.000000111001
0000.111101011010
1001.001010010001
0000.000010110110
0000.111011100001
0001.011001011110
0000.111011011010
1000.010100100101
0000.000111011011
1001.111101100100
0010.000001000101
0001.010110000101
0010.010110110001
0000.001001000010
1000.111001011111
1010.011010000010
1001.001111101000
1000.011010000010
1010.001010110010
0000.000011000000
1001.100100110101
0001.010001101000
0000.100011001110
0000.010000010010
0000.001101101110
1000.101000110111
1001.010110110101
1001.110001100000
0000.100111101011
0001.001011101011
0010.011000010010
0001.110100001000
1000.000111100011
1001.010010000110
1010.000110110001
1000.100011001001
1001.011000101101
0000.010110001100
1000.110110001111
1000.100101101011
1000.001101110011
0001.101101111010
1000.100101110101
0000.011110111111
0000.111011010001
1010.011001100011
0010.001010011100
1001.011100010111
1001.100111001010
0000.101100010010
1000.100111001110
1000.001011001010
0000.110011001001
0000.011110110001
1010.101111000100
0000.100011011010
1001.000101101101
0000.000010100010
0001.111001100011
1001.111101011001
1000.101001100100
0000.101100110111
1000.001111101110
0000.010011101100
1000.111001100000
0000.111010001001
0010.000111011101
0001.011010011101
0001.001001110110
0000.110100100011
0000.101000110110
1001.010110011001
1010.000000011001
0001.110011000100
0000.010110000010
0000.010010100101
0000.010101101100
1000.100111010011
0000.011010010101
0000.100100110100
0000.100010110011
0001.011000101001
1000.001011011101
1000.000110110111
0001.010000100000
0000.001110000111
0000.110001010100
0000.100100100011
1001.011101101000
1001.001000110100
0001.111111001000
0000.111000001010
1000.110111111001
0000.101111011011
0000.011110101100
0001.010101010000
1001.010011011111
1000.100011111011
0010.101100111001
0011.001110001111
0000.000010100100
0000.000101101110
1000.010010111010
0001.001001010101
1000.000110010001
1000.111011110000
0000.110010110100
0000.101000011110
0000.101000110110
1001.011101101011
0000.110100110001
1001.101010011001
1010.100001001011
1001.010011110001
0000.001001111011
0000.000011111000
1000.000000011010
0000.011100111101
1001.110001000110
1001.000101010010
0001.011011110001
0001.111110101010
1001.010110001110
0001.000001011011
1000.010001011100
0010.001000100001
0000.001010001111
1001.001011110101
1010.000010101110
1000.011000100000
1001.101110111010
1000.111011110100
1000.100010101011
1000.010110010101
1000.011010110000
1000.010110001011
1001.001011011010
0000.110000011000
1000.101000000101
1001.111110100001
1000.010100101110
0001.001001001101
0001.011110101101
1001.010010001010
1001.010100010000
0001.111100110000
1000.101000000001
1000.010101010111
1000.110111101100
0000.000000111100
0001.000111001011
1000.101010011100
0000.001100000100
0000.011011000000
1001.011001011101
1000.101100010011
1000.010111110011
0001.001000100111
0000.011001111011
1001.110000000101
0000.011001111010
1000.101011110010
1000.000000000111
0000.110011111000
0001.001100010100
0010.010101101100
1001.011011111000
1001.101100100010
0000.001110101110
0001.100101110011
1000.100000111011
1001.110110111000
1001.001110001100
1000.011100011001
0000.011011101110
1000.110101101100
1000.110100110100
0000.010111000000
0000.000100000111
1000.000001000000
1000.010000111110
1000.001100000111
0001.110000110110
1000.100011000100
1001.110100001000
0000.001110010111
1000.111000011101
1000.000010010101
1000.000110110100
0000.100000100011
1001.011101011000
0000.001011001011
0001.011100001101
1001.010001011101
1000.101011000010
0000.101100000111
1001.000100100101
0000.100011001111
1000.111010111000
0000.101000100011
0001.101100001100
0000.110000110010
0000.101000101011
0000.101000101110
1000.001101111000
0000.011100000101
1000.100010100000
0001.000000001001
1000.010010010101
0000.000001111011
1000.011110011101
0001.111100001001
0000.110011000001
1000.000111011011
1000.010010000111
0001.101011100100
0000.111001000110
0000.111010111000
0000.010111010100
0000.111000001111
1001.001101000001
1000.101000111010
1000.011110010011
1010.001111011101
1000.111111001000
0000.010011011100
0001.001000001100
1000.000100010101
0001.101100010011
1001.101011111011
0010.101011110001
0000.000100111011
1010.010010010110
0000.111110001001
0000.110001011001
0000.101111111011
1000.011011100000
1010.000101100011
1000.001100001110
0000.001010000011
1001.110101011001
1000.111101101111
1001.111100101101
0000.001101010001
1000.000111111011
0000.101000110111
0000.100010110110
0000.000011010100
0000.000101011101
1000.011101010111
0001.100011001010
0001.000001101111
0000.111000110010
0000.010010111011
1000.110011100001
1000.001111101000
1000.110001110101
0001.001100111110
0001.001111001011
0000.110011100011
0010.110000110110
1000.101100001101
0001.110011000001
0000.110100010011
1000.110111001011
1001.001110000011
0000.111111001110
0000.101101111011
0000.101011100101
1000.110111010110
1001.100010000011
1010.011000010010
0010.101011011010
0001.000110101010
1000.100010000111
1000.011101101010
0000.101101001100
0001.110101110010
0000.110000011111
0001.101110100100
1000.000001011001
0010.000011011001
1001.000000000010
0000.110111111100
0000.011110101000
0000.011010011100
1000.011011111000
0000.011000001000
0010.000100011010
1000.111011011110
1000.001010010100
0001.110000101111
0001.000101010000
1000.000110010011
0000.101000111100
1001.011100110010
0000.011001101101
0001.001000100111
1001.010001101011
0001.101010100001
1001.001100011100
0000.001010011101
1000.110101010010
1001.001111011110
0000.101001100100
0000.000010000110
1000.010100000010
1001.000011010111
0001.001110110100
1010.010000011111
0001.000000011111
1000.100001101100
0000.010111000100
0000.010100001011
1001.111111001000
1001.001010010101
0001.000100111011
1000.101100100100
1000.101111111111
0000.001101000100
1000.011000110000
0001.101000100100
0000.101100000111
1001.001101100111
1000.001001010111
0000.110110001100
0000.110101100100
0000.101011010001
0000.100100010011
1000.100100111110
1001.001110000111
0000.101000110110
1000.010011100001
0000.110101001100
0000.001011111001
1000.011001111111
0001.010101111110
0001.000100100111
1001.101101001000
1000.010011100110
1001.001110100100
1000.010010110101
1000.110111001101
1001.100101010001
0001.000100101110
1000.001001101111
1001.011111110000
0000.001100100101
1000.001000011110
1001.000101010000
0000.010010010000
0001.110101001101
0000.010110101011
1000.100000001111
0000.001010100010
1010.001100011111
1000.111111001100
1000.101001001000
1001.101001110000
1001.000110110011
1000.001110111001
0000.101001011101
1001.001000111111
1000.000010101011
0000.001011111110
1011.000110010000
1001.010100101001
0000.010001011000
0001.000110011000
0001.001111010011
1001.010000011100
0000.110001111110
0001.100000000000
1001.011111010000
0000.010111100111
1000.101101000111
1001.101101101000
1001.111000000101
0001.010100011010
1010.100010011111
0000.000110100000
0000.001000010101
0000.011111011101
0000.001110011001
0000.111110111010
0000.110011110100
0000.110001111101
0000.001110001001
1000.111001000111
1000.101110011110
1000.011001100011
1001.001111001001
1001.010000101111
1001.101111101111
0001.100010110001
0000.000100000001
0000.111111100100
1001.101010101100
0010.001011101001
1000.110111000111
0000.101101011111
0000.111001011111
1001.000000011101
1001.111001001111
1000.101010011010
0010.000100010010
1000.010000000011
0000.111001101111
0001.010101110111
1000.000010001110
0000.011100011011
0000.010000100000
1000.111111001110
0000.001110010101
0000.000010101001
1000.011001011100
1001.110111111001
1001.100101100111
1001.101001010000
1001.111110111000
0000.110010000100
1000.010010000101
1000.011011101110
0001.011111101000
0000.111010101001
0001.001101100111
1000.010011110101
1000.011011110011
1000.001111101101
1001.000010110101
1000.110000100000
1000.101000100011
0001.000111110010
0000.010110100010
1001.011011101111
0000.111100110101
0000.001000100010
1001.110101101011
1000.000110011000
1000.011100001100
1000.111100010011
0001.100110101011
1000.111110001110
0000.100111010000
1001.000000010010
1001.101110011001
0000.101001111010
0000.000100011110
0010.001001011100
0000.111000110000
1000.111011110100
0010.011010001010
1000.101101001010
1000.111100111101
1000.011100100110
1000.011000101000
1000.001111101101
0000.010000010100
0010.001000111000
1000.100001110011
0001.010101001011
1000.011110011011
1001.011110101111
0000.010110101101
1000.100100111110
1000.000011000100
0001.000011001111
1000.001110001001
0000.110111000010
0000.111001110000
0001.011101000111
1000.010111011010
1010.010111001011
1001.110001000101
0000.000001110001
0000.000000100000
1000.010001100011
0000.010000111111
0001.000111110010
1000.000011100011
0000.100100011101
1001.101000100011
1000.110010111011
0001.110011001101
1000.011111001011
0001.100000111101
0000.111110110011
1000.011010101101
1000.000010110111
1001.111110010100
0001.100010110111
0000.010110100111
1001.011001111111
0000.001000101000
1001.010000000010
1001.101101001011
0000.000111110011
1000.111101110100
1001.110001001000
0000.101000110001
0001.110010000010
1001.001011100011
1010.001001001111
0000.001011011011
0000.111110010100
0000.001000001111
0001.111111101001
0000.111001001110
0001.010101000111
1000.110101011100
1000.011001011111
0000.101000110011
1000.101011110101
1001.010111100110
1000.110111110001
1001.000001011001
0000.101101101001
0001.110011110111
0001.010111101110
1001.101010111101
1000.001110111101
1000.011010110111
1000.110100111010
1000.110010010101
1001.001110011110
0000.000100000101
0000.000001001000
0000.011111101010
1000.101101101010
1000.000101001011
1000.110010110010
0000.000100111111
1000.000010101000
1001.001111001110
1001.000111011001
0001.010110101010
1000.110000101000
0001.000101010100
1000.011010011110
1000.110110000101
1000.000110000100
0001.010010100000
1000.100111000001
1000.000101001010
1000.101010101100
0000.010011011101
1000.010101110010
1000.100101011011
1001.001000000010
1000.001000000001
1000.101100111110
1000.000111100010
0001.001010001110
0000.100110000110
0001.010011011100
1000.011001000011
0000.010110110001
0000.011101110010
0000.101101111100
1001.010001101111
1000.011110010101
1000.101110111010
0001.001000000010
1000.001100011101
0000.011100001011
1001.101111100110
1000.000000000001
1000.110000111100
0010.000110110111
0000.000100110100
0000.111010100100
0000.010011010010
1000.010001110000
0011.000000011000
1000.000101110011
1000.101101010101
1000.011011100010
1000.010011100110
0000.001101011110
0000.110010100110
0000.110100101000
1001.111110011010
1000.101011000000
0000.101100000111
1001.010100111100
1000.111010111111
0000.100000010110
0011.110101010001
0000.101001000011
1000.010011000110
0010.101001011011
1000.101100011000
1011.011110101101
1010.001110000111
0001.010110000001
0000.000110111101
0000.001011011011
0010.100000101101
1000.010101101011
0000.111000110101
1001.010110100111
1001.010101001011
0000.100100111101
1001.100000001100
0001.011010011101
1000.010101101010
1000.000110101100
1000.001010101001
0000.100010000010
1000.100010001111
1001.110110010100
0010.001111010100
1001.001000100001
0000.001001111101
0001.011010110101
0000.010111110001
0001.000001010101
0000.010000101100
1001.001100110001
0000.101110011001
0000.111111001100
0001.010110011100
1001.111000010010
1001.111000111001
0001.101110111101
1010.100110100000
1000.111100010001
1000.010001001010
1001.000111101011
0000.111001010101
0000.010100010000
0000.100011100111
0000.101110011000
1000.101101000001
1000.101010001101
1010.110000100110
1001.010001011100
1000.101011011010
0011.011100111010
1000.011000111010
1000.010011101001
0010.100010111111
0010.000101011001
1000.111001110101
0001.000101011100
0010.000010100010
1000.100010110110
1000.100001110000
1000.110110110110
1000.011111110010
1000.011010100000
0010.000000101010
0000.100101100001
1000.110100101101
1000.101011011100
1010.100111011111
1000.111000100100
0000.110011110110
1001.111101011010
0000.001000101110
0001.010110010100
1000.111110101000
0001.100000000011
0010.111010011110
0000.000011001110
0000.111100001110
1001.101101100111
1001.001100011001
0010.000000111110
1000.001111100101
1000.100001000100
0010.100001001100
0000.110001011010
1000.001010000101
1001.000000001110
1000.100000101001
0001.011010011011
1000.001011110001
1000.010110011101
1001.001110101100
0001.000110101011
1000.011101100101
0000.000100110001
0001.010100111100
0001.001011110101
1000.000101111100
1000.001011100001
0011.010101100001
1000.101001100010
0010.000100101000
0000.001001001111
0001.011110100101
1001.010111001011
0000.101110001111
0000.011110110101
0000.001011101000
1001.101111101011
1000.100100011100
1000.000100110110
0001.001010000101
0000.010111001000
0001.010000000100
0000.000110110000
1000.000011111101
1001.010111001010
1010.001110111101
0001.100011110001
0000.101110011010
1000.101011110000
0010.001001100110
1001.110001001010
1000.110000011110
0010.001111011111
0000.001001100110
1000.101010110011
0000.011000010001
0001.101110101100
0000.101111011110
1011.111101010011
1010.010111000110
1001.001010100011
1001.111001101000
1001.000010000110
0001.010011111111
1010.101111010111
0010.100001011000
1010.011000001010
1100.111010100000
0010.100011000111
1010.011010100001
0000.101000001111
1000.011111111011
0000.001001100001
0001.101101101101
1000.010111001010
1010.010111000100
1001.001111111100
1000.001000010111
1010.010100000001
0000.100111010100
1001.011011011111
1001.101110011011
1011.110011110111
1000.000011011110
0000.001101000011
1001.010010001010
1001.010010111100
0000.100010101100
0000.001100110110
1010.000010101001
1010.010101011110
1000.100100011100
1000.011000010011
0000.011110100011
0001.001010000011
0011.001001001010
1100.010101000010
1000.010011000000
1001.101010111011
0000.100010001100
1000.010100111101
1000.000100111101
1000.100010101100
1010.001010010101
0000.001011000000
0001.000100010110
0011.000100110010
1011.111011000011
0000.000110110110
0000.101011101011
1000.101001101101
1001.110011000011
0000.010111000100
1100.110111000100
1000.100010011000
1100.111001000110
0001.000110011110
0001.110110001000
0011.001010101111
1010.010010000110
1001.000101010000
0000.010000010001
1000.101100011001
1001.010001100000
1010.000111001011
1010.001000001011
1000.001001101001
1000.000001101101
1001.101111101011
0011.100100000000
0001.100001011101
1000.000001011100
0001.011111101001
1001.001101100110
